coordsArray     [[-85.31727,35.009525],[-85.32023,35.010666],[-85.32097,35.00933],[-85.31631,35.007626],[-85.31076,35.005505],[-85.3106,35.00584],[-85.31041,35.00706],[-85.310905,35.007195],[-85.31448,35.008537],[-85.31568,35.008965],[-85.31727,35.009525]]
result          oxttE|ovgOcFnQjGrCrIc\fLua@cA_@sFe@[bBkGjUuAnFoB|H
coordsArray     [[-85.31356,35.010128],[-85.31507,35.010696],[-85.31533,35.010418],[-85.31568,35.008976],[-85.31448,35.00854],[-85.31393,35.00832],[-85.3132,35.00805],[-85.310905,35.007206],[-85.310425,35.007065],[-85.31013,35.00898],[-85.31058,35.00904],[-85.31356,35.010128]]
result          i|ttEvxugOqBlHv@r@~GdAvAoFj@mBt@qCfDkMZ_B_K{@KxAyErQ
coordsArray     [[-85.30769,35.00438],[-85.30928,35.00497],[-85.31009,35.003475],[-85.31077,35.003708],[-85.31177,35.001884],[-85.31112,35.001633],[-85.3129,34.99828],[-85.31182,34.997887],[-85.31105,34.99936],[-85.310524,34.99915],[-85.31011,34.99994],[-85.30895,34.999516],[-85.30778,35.001747],[-85.30889,35.002167],[-85.30769,35.00438]]
result          kxstE`ttgOuB|HjH`Dm@fCjJfEp@aC|SbJlAwEeHyCh@iB}CqArAgF}LiFsA|EyLoF
coordsArray     [[-85.31019,35.012474],[-85.31142,35.01281],[-85.311966,35.011837],[-85.31209,35.01182],[-85.31255,35.011986],[-85.313545,35.010143],[-85.31057,35.00905],[-85.31013,35.008972],[-85.31006,35.010117],[-85.310486,35.010674],[-85.31001,35.01188],[-85.31019,35.012474]]
result          }jutEtcugOcAtF`ElBBVa@zAnJfExEsQNwAcFMoBtAqF_BuBb@
coordsArray     [[-85.36882,35.067055],[-85.36904,35.06684],[-85.37007,35.06705],[-85.37044,35.066883],[-85.37097,35.066734],[-85.37118,35.066734],[-85.37129,35.066547],[-85.371506,35.066628],[-85.37191,35.066303],[-85.375496,35.066624],[-85.38182,35.063023],[-85.38088,35.060158],[-85.37898,35.061176],[-85.376114,35.060757],[-85.37602,35.059673],[-85.37454,35.05913],[-85.369415,35.063618],[-85.3686,35.065083],[-85.36806,35.066414],[-85.3683,35.06679],[-85.36882,35.067055]]
result          c``uEbr`hOj@j@i@lE`@hA\hBd@TOj@~@nA_AlUnUnf@zP{DkE{JrA}PvEQjBgHa[__@cHcDiGkBkAn@s@fB
coordsArray     [[-85.2836,34.999046],[-85.283424,34.999348],[-85.28447,34.99973],[-85.28486,34.998966],[-85.28442,34.998783],[-85.284874,34.99804],[-85.28552,34.998264],[-85.285904,34.997498],[-85.28635,34.996395],[-85.28651,34.996],[-85.28628,34.994606],[-85.28701,34.993324],[-85.288345,34.993805],[-85.289085,34.992416],[-85.28857,34.992237],[-85.28902,34.991444],[-85.288864,34.991383],[-85.289566,34.990093],[-85.28929,34.989986],[-85.28946,34.989567],[-85.28774,34.988926],[-85.283585,34.99671],[-85.283195,34.99743],[-85.28254,34.99866],[-85.2836,34.999046]]
result          awrtEn}ogO{@c@kApEvClAb@wArCxAk@`CxCjAzExAnA^tGm@~FpC_BjGtGrCb@gB|CxAJ_@`GjCTw@rA`@~BwIso@_YoCmAuFcCmArE
coordsArray     [[-85.27501,34.99551],[-85.2756,34.99592],[-85.27682,34.99688],[-85.28235,34.998966],[-85.28496,34.99413],[-85.28388,34.99374],[-85.281204,34.99275],[-85.27965,34.99214],[-85.27938,34.992565],[-85.27871,34.992584],[-85.27823,34.99336],[-85.27632,34.992977],[-85.27501,34.99551]]
result          }`rtExgngOqAtB_ErFaLpa@f]hOlAwEdEwOxBuHsAu@CeC{C_BjA}JyNeG
coordsArray     [[-85.27911,34.990932],[-85.28166,34.991905],[-85.281204,34.992744],[-85.281746,34.992947],[-85.283394,34.99356],[-85.28415,34.993835],[-85.28496,34.99412],[-85.28638,34.99142],[-85.28728,34.989758],[-85.28547,34.9891],[-85.28453,34.98876],[-85.28341,34.988323],[-85.2829,34.98816],[-85.28249,34.988],[-85.28058,34.98732],[-85.28039,34.987537],[-85.28054,34.98833],[-85.28027,34.989056],[-85.28157,34.989487],[-85.28085,34.990807],[-85.27993,34.99046],[-85.27934,34.990498],[-85.27911,34.990932]]
result          idqtElaogOaE|NgD{Ag@jByBhIw@vCw@`DzOzGjIrDbCiJbA{DvA_F^eB^qAfC}Jk@e@}C\qCu@uAbGgGoCdAwDGuBuAm@
coordsArray     [[-85.289825,34.988964],[-85.29162,34.990253],[-85.2917,34.990437],[-85.29306,34.99092],[-85.2934,34.989044],[-85.29469,34.988895],[-85.29461,34.987553],[-85.29457,34.986706],[-85.28837,34.986797],[-85.28884,34.987648],[-85.289825,34.988964]]
result          _xptEjdqgOaGfJc@N_BnGvJbA\`GjGOhDGQwe@iD|AgGbE
coordsArray     [[-85.300835,34.982723],[-85.30085,34.97975],[-85.298584,34.97974],[-85.29821,34.979435],[-85.29816,34.97806],[-85.29555,34.978085],[-85.29559,34.98131],[-85.298706,34.98129],[-85.29871,34.982777],[-85.300835,34.982723]]
result          _qotEfisgOpQB@eMz@iArGICiOcSFBnRHfL
coordsArray     [[-85.298294,34.970192],[-85.2983,34.970516],[-85.29879,34.97052],[-85.29878,34.971207],[-85.298676,34.971874],[-85.29822,34.9719],[-85.29827,34.977978],[-85.29925,34.977974],[-85.29925,34.977863],[-85.299934,34.977867],[-85.30002,34.97796],[-85.300896,34.97797],[-85.300835,34.972797],[-85.299416,34.97279],[-85.29936,34.97166],[-85.30083,34.97163],[-85.30089,34.970184],[-85.298294,34.970192]]
result          ubmtEhyrgOeCSE{A_e@HQPAnDh_@K`FKDdH`HJ
coordsArray     [[-85.29497,34.970127],[-85.29828,34.97018],[-85.30317,34.97013],[-85.30316,34.973434],[-85.30604,34.97344],[-85.30604,34.97013],[-85.30342,34.970127],[-85.303406,34.96835],[-85.300735,34.968372],[-85.30069,34.966064],[-85.29861,34.96607],[-85.298645,34.965645],[-85.296814,34.96446],[-85.296394,34.966183],[-85.29497,34.970127]]
result          ibmtEpdrgOItSHp]bJACuOlMGrAFjFmJwIsAsW{G
coordsArray     [[-85.32651,34.984974],[-85.32742,34.98502],[-85.327805,34.98202],[-85.32859,34.980057],[-85.32895,34.97791],[-85.32854,34.976654],[-85.32762,34.973343],[-85.326126,34.970146],[-85.325645,34.967346],[-85.32727,34.966473],[-85.327774,34.96262],[-85.330185,34.95832],[-85.33212,34.953236],[-85.33239,34.952835],[-85.33273,34.952522],[-85.33317,34.951305],[-85.33222,34.950977],[-85.33196,34.951504],[-85.33106,34.95152],[-85.33086,34.952232],[-85.32887,34.952885],[-85.32746,34.955475],[-85.32566,34.955593],[-85.3247,34.96372],[-85.32417,34.96526],[-85.32257,34.966682],[-85.32377,34.970886],[-85.32492,34.972942],[-85.325676,34.973473],[-85.32566,34.974842],[-85.32709,34.974903],[-85.3273,34.975933],[-85.32728,34.976364],[-85.326935,34.976418],[-85.32663,34.979298],[-85.32566,34.982506],[-85.32661,34.98317],[-85.32651,34.984974]]
result          a_ptEtixgOItDvQjAfKzClLfAzFqAtSwD~RiHnP_BlDbI`WbBzY`Nv^bKnAt@|@bArFvA`A}DiBs@CsDmCg@aCmKeOyGWgJyq@_EsHiB{G_IgYnF{KdFiBvCqGCK|GmEh@uACIcA_Q{@aSaEcC|DgJS
coordsArray     [[-85.33513,34.980984],[-85.33573,34.98131],[-85.338,34.981243],[-85.33877,34.979126],[-85.33683,34.97886],[-85.33794,34.974792],[-85.33966,34.9743],[-85.34083,34.973503],[-85.34122,34.964066],[-85.34365,34.964348],[-85.34499,34.96397],[-85.34516,34.962765],[-85.34371,34.96236],[-85.33926,34.96242],[-85.34008,34.958878],[-85.34109,34.955425],[-85.341286,34.954502],[-85.34131,34.953743],[-85.33985,34.953728],[-85.33787,34.96243],[-85.3339,34.96245],[-85.33416,34.96311],[-85.336494,34.966045],[-85.33701,34.967205],[-85.33614,34.96837],[-85.33523,34.97018],[-85.334465,34.973442],[-85.33595,34.97374],[-85.3367,34.97428],[-85.33763,34.974575],[-85.33624,34.98027],[-85.335915,34.980503],[-85.33548,34.98064],[-85.33513,34.980984]]
result          cfotEp_zgOaAvBLdMfLxCt@cKlX|E`BvI~ChF~y@lAw@dNjAjGnF`@nAaHKyZbUbDpThEvDf@vCBBcHku@kKCyWcCr@kQpMgFfBgFmDiJuDkSwC{@fHkBtC{@xDsb@uGm@_A[wAcAeA
coordsArray     [[-85.29086,34.97723],[-85.29245,34.97721],[-85.29552,34.97714],[-85.29555,34.97789],[-85.29612,34.977863],[-85.29606,34.976208],[-85.29614,34.976192],[-85.29656,34.97542],[-85.296524,34.975163],[-85.296646,34.975086],[-85.29716,34.974937],[-85.29712,34.971413],[-85.29446,34.97145],[-85.29282,34.974003],[-85.29086,34.97723]]
result          unntEzjqgOB|HLdRuCDDpBjIKBNxCrAr@GNV\dB~TGGsO}NgIeSgK
coordsArray     [[-85.30967,34.959087],[-85.30768,34.962776],[-85.306305,34.962826],[-85.30515,34.966187],[-85.303894,34.966164],[-85.30282,34.96834],[-85.30342,34.968357],[-85.303444,34.970116],[-85.30601,34.970074],[-85.310135,34.969994],[-85.309875,34.959293],[-85.30967,34.959087]]
result          i}jtEl`ugOaVmKIsG_TgFB{FsLuECvB_JBF`ONvXzaAs@h@g@
coordsArray     [[-85.29555,34.978077],[-85.299644,34.978046],[-85.2999,34.978058],[-85.2999,34.977875],[-85.29926,34.97787],[-85.29925,34.977974],[-85.29826,34.977974],[-85.298195,34.97138],[-85.29831,34.971375],[-85.29829,34.970196],[-85.29497,34.970146],[-85.294464,34.971443],[-85.29712,34.971405],[-85.29715,34.974937],[-85.29664,34.97509],[-85.29652,34.975163],[-85.29657,34.97542],[-85.29614,34.97619],[-85.29605,34.97621],[-85.29611,34.97788],[-85.29555,34.977886],[-85.29555,34.978077]]
result          _tntEdhrgODpXAr@dh@KjFCHwScGeBFrOaUD]eBMWs@HyCuACQmIJ
coordsArray     [[-85.34448,35.01016],[-85.345116,35.01047],[-85.34681,35.008907],[-85.34764,35.006046],[-85.35014,35.00378],[-85.3519,35.002243],[-85.35243,35.00207],[-85.354065,35.00126],[-85.35524,35.0002],[-85.35798,34.996223],[-85.3583,34.99499],[-85.35681,34.994793],[-85.35554,34.995083],[-85.355515,34.995667],[-85.354645,34.995377],[-85.35387,34.995792],[-85.35273,34.99566],[-85.35264,34.996094],[-85.35335,34.996025],[-85.353645,34.996277],[-85.35412,34.996403],[-85.354675,34.996624],[-85.35494,34.99688],[-85.355095,34.997177],[-85.35513,34.997517],[-85.35489,34.99789],[-85.35458,34.99819],[-85.35494,34.998466],[-85.354965,34.998734],[-85.35454,34.998753],[-85.35425,34.998627],[-85.354095,34.9988],[-85.3544,34.99897],[-85.35384,34.9998],[-85.35408,35.000057],[-85.35325,35.000443],[-85.352905,35.00047],[-85.35271,35.000656],[-85.35254,35.001034],[-85.35197,35.001225],[-85.3516,35.001144],[-85.35136,35.000927],[-85.350365,35.0015],[-85.34927,35.002323],[-85.34949,35.002625],[-85.349174,35.002853],[-85.34899,35.00278],[-85.34869,35.003185],[-85.348434,35.00306],[-85.348015,35.003555],[-85.34734,35.00366],[-85.34679,35.00418],[-85.34582,35.00491],[-85.34628,35.005356],[-85.3464,35.005856],[-85.34595,35.005646],[-85.34562,35.0073],[-85.34578,35.007397],[-85.34545,35.007786],[-85.34523,35.007687],[-85.344955,35.008083],[-85.34565,35.00847],[-85.34448,35.01016]]
result          o|ttE~y{gO}@~BvHpIzPdDdMrNrH~I`@hB`DfIrEjFzWbPtF~@f@iHy@}FsBCx@mDsA{CXcFuAQLlCq@z@Y~Ak@nBs@r@{@^cAFiAo@{@}@w@fAu@BCsAXy@a@_@a@z@eDoBs@n@mAeDEcAe@g@kAa@e@qBNiAj@o@qBgEcD{E{@j@m@_ALc@oA{@Vs@cBsASgCgBmBqCaEyAzAcBVh@yAiIaAS^mAaARk@oAw@mAjCqIiF
coordsArray     [[-85.34318,35.009922],[-85.34373,35.009872],[-85.34353,35.00849],[-85.34395,35.008717],[-85.34429,35.00832],[-85.34377,35.007996],[-85.34409,35.007633],[-85.34385,35.007496],[-85.3442,35.007088],[-85.34391,35.00692],[-85.344055,35.00674],[-85.343575,35.00644],[-85.343475,35.006485],[-85.343575,35.00578],[-85.343544,35.005535],[-85.34359,35.00444],[-85.34421,35.00436],[-85.34442,35.004166],[-85.34395,35.003998],[-85.34432,35.003098],[-85.34468,35.00227],[-85.34413,35.00211],[-85.34474,35.00123],[-85.345146,35.000454],[-85.344574,35.000324],[-85.34459,34.999992],[-85.34412,34.99988],[-85.34494,34.998135],[-85.34494,34.998035],[-85.34446,34.997913],[-85.344574,34.997498],[-85.3444,34.99674],[-85.34436,34.996315],[-85.344765,34.99453],[-85.34462,34.994495],[-85.34487,34.99372],[-85.34405,34.993523],[-85.3437,34.993378],[-85.343124,34.99351],[-85.343025,34.99635],[-85.34319,34.997395],[-85.34273,34.998375],[-85.34255,35.000767],[-85.3421,35.002274],[-85.34275,35.003197],[-85.3427,35.003513],[-85.34236,35.004066],[-85.34224,35.005493],[-85.34237,35.00603],[-85.3434,35.005646],[-85.34334,35.006393],[-85.34267,35.006374],[-85.34266,35.00729],[-85.3428,35.008423],[-85.34303,35.00966],[-85.34318,35.009922]]
result          _{ttEzq{gOHlBrGg@m@rAnAbA~@gBfA~@Zo@pAdA`@y@b@Zz@_BGSjCRn@EzEHNzBd@h@`@}ArDhAdDfA^mBnDxBzCpAXqB`ABT}AzIbDV_BrATvCa@rAGbJnAF[zCp@f@cDZeAYsBwPSoE^cE{A}Mc@mHyAwD`C_AImBcA}GWkBXjAlEuCKBeCaFZwFl@s@\
coordsArray     [[-85.344154,35.0021],[-85.34469,35.002266],[-85.34396,35.003983],[-85.34443,35.004173],[-85.344215,35.00436],[-85.34359,35.004444],[-85.343544,35.005558],[-85.34359,35.005802],[-85.34348,35.00646],[-85.343575,35.006428],[-85.34405,35.006756],[-85.34392,35.00692],[-85.34419,35.007084],[-85.34387,35.007496],[-85.344086,35.007645],[-85.34377,35.007984],[-85.3443,35.00832],[-85.34395,35.008736],[-85.343544,35.008503],[-85.343735,35.009872],[-85.344475,35.010136],[-85.34561,35.00847],[-85.34495,35.008083],[-85.34522,35.007687],[-85.34545,35.007782],[-85.34576,35.00738],[-85.34562,35.007294],[-85.34593,35.005627],[-85.346375,35.00584],[-85.34628,35.00537],[-85.34581,35.00489],[-85.346794,35.00415],[-85.347336,35.003643],[-85.34801,35.00355],[-85.348404,35.003048],[-85.348694,35.00315],[-85.34897,35.002785],[-85.347664,35.00196],[-85.348175,35.001415],[-85.34869,35.00103],[-85.34817,35.00063],[-85.34792,35.00054],[-85.34818,35.000446],[-85.34817,34.999485],[-85.34699,34.999527],[-85.34673,34.999527],[-85.346306,34.99959],[-85.34577,34.999897],[-85.34526,35.000473],[-85.344154,35.0021]]
result          cjstE|w{gOa@jBwIqCe@|Ae@k@O{B}EIo@HcCUDRaA~A_@Y_@t@qA_A]j@cA_AcAhBsAeAl@qAqGd@s@rClIbFlAcCnAt@Sl@nA|@P[lI|@i@vA|AS~A}ArCbEdBjBPdCbBlASx@fAv@bDeGjBdBjAfBnAgBPq@Pr@GkFKsA}@kBsBeBeI}E
coordsArray     [[-85.34414,34.99988],[-85.344574,34.99998],[-85.3446,35.000324],[-85.345245,35.000458],[-85.345764,34.9999],[-85.3463,34.999622],[-85.34648,34.999557],[-85.34546,34.998886],[-85.34641,34.997902],[-85.34759,34.99825],[-85.34782,34.997887],[-85.34835,34.998013],[-85.348526,34.99775],[-85.34956,34.998085],[-85.350174,34.998302],[-85.34876,34.999268],[-85.34817,34.999485],[-85.34819,35.00045],[-85.34792,35.000546],[-85.348145,35.000607],[-85.3487,35.001026],[-85.348175,35.001404],[-85.34767,35.00197],[-85.34895,35.00277],[-85.349174,35.00285],[-85.34947,35.00262],[-85.34926,35.002346],[-85.35036,35.001472],[-85.35135,35.000935],[-85.35159,35.00113],[-85.35197,35.001205],[-85.35253,35.001034],[-85.35269,35.000652],[-85.35288,35.00046],[-85.35323,35.000443],[-85.35408,35.000065],[-85.35386,34.999798],[-85.35441,34.998966],[-85.35411,34.998802],[-85.35424,34.998634],[-85.35453,34.998734],[-85.35496,34.99873],[-85.35495,34.998486],[-85.3546,34.99819],[-85.354866,34.99789],[-85.35511,34.997528],[-85.355095,34.997177],[-85.35493,34.996864],[-85.35468,34.996624],[-85.35411,34.99639],[-85.35365,34.99627],[-85.35334,34.996033],[-85.35263,34.996094],[-85.35272,34.995617],[-85.35259,34.99563],[-85.35231,34.99593],[-85.35216,34.995968],[-85.352005,34.995937],[-85.35208,34.99618],[-85.35181,34.996365],[-85.35117,34.99661],[-85.34957,34.996292],[-85.34934,34.99676],[-85.349,34.997005],[-85.34834,34.99685],[-85.34857,34.996323],[-85.348366,34.99627],[-85.347755,34.99604],[-85.347824,34.995934],[-85.3479,34.995388],[-85.347885,34.99509],[-85.34705,34.994896],[-85.346695,34.994694],[-85.34622,34.99551],[-85.34605,34.9955],[-85.34568,34.997227],[-85.345024,34.997486],[-85.34455,34.997463],[-85.34447,34.997932],[-85.344925,34.998035],[-85.34493,34.998146],[-85.34414,34.99988]]
result          g|rtEzw{gOStAcADY~BnBfBv@jBJb@dCkEbE|DeAjFfAl@YhBr@b@cAlEk@xBaEyGk@uB_EBSu@Kj@sAnBkAgBqBcB_D~FOj@l@z@t@i@lDzEjBdEg@n@OjA`@nBjA^d@d@BdAjAhDt@k@dDlB^{@`@XSx@z@eAz@t@fAn@dAC|@_@n@q@l@qBV{An@}@KmC~APAY{@w@G]D_@o@Nc@u@o@_C~@_I}Am@o@cA^cChBl@Hg@l@yBTLlBNz@Cd@gDf@gAcD_B@a@yIiAs@cCB}A}AOSzAyI}C
coordsArray     [[-85.357155,34.992428],[-85.35746,34.992393],[-85.35756,34.99204],[-85.35988,34.992317],[-85.361336,34.990364],[-85.36167,34.98975],[-85.36175,34.988132],[-85.36253,34.987278],[-85.36382,34.986675],[-85.36478,34.985302],[-85.36442,34.983364],[-85.36236,34.983376],[-85.36095,34.983585],[-85.35789,34.983475],[-85.357254,34.983513],[-85.35726,34.984093],[-85.35685,34.984444],[-85.356636,34.98506],[-85.35661,34.985367],[-85.35894,34.985332],[-85.35882,34.985992],[-85.359665,34.985992],[-85.35964,34.98624],[-85.35956,34.986515],[-85.358215,34.986565],[-85.3581,34.987804],[-85.359245,34.988186],[-85.3591,34.988686],[-85.358795,34.98932],[-85.35849,34.989853],[-85.358185,34.98991],[-85.35775,34.99055],[-85.35732,34.99042],[-85.356804,34.99069],[-85.35634,34.990536],[-85.35588,34.990215],[-85.35578,34.99086],[-85.35568,34.991074],[-85.35569,34.991177],[-85.355835,34.991802],[-85.35555,34.99177],[-85.355515,34.992207],[-85.357155,34.992428]]
result          umqtEfi~gOFz@dARw@nMdKbHxB`AbINhDzCvB`GpG~DbKgAA{Ki@yGTcRG_CeAqA{Bi@}@EFpMcCWq@Cw@OIkGwFWkAbFcB[}B{@iB{@K{@_CwAXuAu@gB\{A~@{A_CSi@S{BZDw@wAGk@fI
coordsArray     [[-85.346695,34.99469],[-85.347015,34.994884],[-85.347885,34.995083],[-85.34789,34.99539],[-85.34783,34.99593],[-85.34776,34.99603],[-85.348366,34.996265],[-85.34853,34.996326],[-85.34834,34.996845],[-85.34902,34.997],[-85.34933,34.996746],[-85.34957,34.996277],[-85.35116,34.996597],[-85.3518,34.996357],[-85.352066,34.996178],[-85.35199,34.99592],[-85.35216,34.99596],[-85.3523,34.99593],[-85.352585,34.995625],[-85.352715,34.995613],[-85.35384,34.995796],[-85.35467,34.995403],[-85.35553,34.995647],[-85.35552,34.995094],[-85.35683,34.994785],[-85.35827,34.994953],[-85.359535,34.99339],[-85.35994,34.992317],[-85.35759,34.992054],[-85.357445,34.99238],[-85.35714,34.99243],[-85.355515,34.992203],[-85.35556,34.99178],[-85.35582,34.991795],[-85.35566,34.991074],[-85.3558,34.990852],[-85.355865,34.99021],[-85.35567,34.990017],[-85.354965,34.989826],[-85.35455,34.99003],[-85.354416,34.98993],[-85.35425,34.9899],[-85.353905,34.98993],[-85.35382,34.990097],[-85.35457,34.991898],[-85.35464,34.992077],[-85.35476,34.99293],[-85.35463,34.994366],[-85.3549,34.99478],[-85.354706,34.995163],[-85.35434,34.995316],[-85.354095,34.99544],[-85.35374,34.995678],[-85.35254,34.995476],[-85.35272,34.9944],[-85.35283,34.993816],[-85.35276,34.99339],[-85.3524,34.99333],[-85.352356,34.993004],[-85.35246,34.99263],[-85.35202,34.992516],[-85.35147,34.99213],[-85.35108,34.992287],[-85.35064,34.992283],[-85.34957,34.991665],[-85.34902,34.99108],[-85.34865,34.99093],[-85.34824,34.99096],[-85.34858,34.991665],[-85.348145,34.99194],[-85.34828,34.99233],[-85.34859,34.99394],[-85.34779,34.9938],[-85.34748,34.993893],[-85.347015,34.99405],[-85.346664,34.993008],[-85.34639,34.99283],[-85.34616,34.992428],[-85.34643,34.991875],[-85.344154,34.99034],[-85.343445,34.990692],[-85.3436,34.992336],[-85.34323,34.993084],[-85.34321,34.99337],[-85.34369,34.993362],[-85.344025,34.99351],[-85.34489,34.993713],[-85.34463,34.994488],[-85.34477,34.99453],[-85.344345,34.996307],[-85.3444,34.996735],[-85.34458,34.997448],[-85.34502,34.997475],[-85.345665,34.997208],[-85.34603,34.995487],[-85.34621,34.995506],[-85.346695,34.99469]]
result          y{qtEzg|gOe@~@g@lDkBKSMo@xBK^gBe@_@fCp@|@|An@_A|Hn@~Bb@t@r@OG`@DZz@v@@Xc@~ElAdDo@jD|@dGa@~GvHzFtEnAr@uMaA[I{@l@cIrAFCr@nC_@j@Z~BJd@g@d@kCg@sARYDa@EcAa@OgJtCc@LiDV_HYqAt@kAe@]iAWo@o@gAf@oFvEb@rBTtAMJgA`AGhARTwAlAmB_@mAzBuErBmB\iAEqAkCbAw@wAmAZaI|@Z_DQ}@_@{AnEeAb@u@nAm@lBt@rHgMeAmCgI^uCiAy@C]bAg@jD{Cs@GZcJsAuAJmCb@EvAt@~BvIfACb@bD~A
coordsArray     [[-85.34853,34.98844],[-85.34745,34.98935],[-85.34705,34.99073],[-85.34617,34.992443],[-85.346375,34.992813],[-85.346695,34.993],[-85.347015,34.994034],[-85.347786,34.993782],[-85.34858,34.993946],[-85.34828,34.99231],[-85.34813,34.991943],[-85.34858,34.99169],[-85.34797,34.990364],[-85.34831,34.989426],[-85.34903,34.989532],[-85.34918,34.988926],[-85.34902,34.988907],[-85.34915,34.988358],[-85.34973,34.98845],[-85.350006,34.987823],[-85.35074,34.987984],[-85.351166,34.98755],[-85.35112,34.987152],[-85.35219,34.986824],[-85.352325,34.98635],[-85.35355,34.986523],[-85.35403,34.984364],[-85.35271,34.984272],[-85.35258,34.984566],[-85.34833,34.9841],[-85.34745,34.983658],[-85.34499,34.98372],[-85.34502,34.984116],[-85.34536,34.98452],[-85.34552,34.98526],[-85.34542,34.98606],[-85.345276,34.986675],[-85.34536,34.98703],[-85.34807,34.987408],[-85.34853,34.98844]]
result          wtptEhs|gOuDwEsGoAuIoDiAf@e@~@mE~@p@xC_@|CfI{@hA]p@xAhGyBzDbAUnCxB\B_@lBXQrB|Bv@_@pCtAtAnAI`AtE|AZa@rFnL~APgGy@Y|AqYvAoDKkNoADoAbAsC^_DS{B[gANkA|OmEzA
coordsArray     [[-85.34822,34.990963],[-85.34862,34.990925],[-85.34902,34.99103],[-85.34958,34.99165],[-85.35066,34.99226],[-85.35107,34.992283],[-85.35146,34.992115],[-85.352,34.992523],[-85.3524,34.99263],[-85.35234,34.992996],[-85.35242,34.993324],[-85.35278,34.993385],[-85.35289,34.992893],[-85.3533,34.992435],[-85.353386,34.991585],[-85.353806,34.990093],[-85.35389,34.98993],[-85.354195,34.98989],[-85.354385,34.989918],[-85.354546,34.990025],[-85.354965,34.98982],[-85.35565,34.990017],[-85.35633,34.990532],[-85.3568,34.99066],[-85.35729,34.990417],[-85.35776,34.99054],[-85.35817,34.9899],[-85.35759,34.989506],[-85.35809,34.987785],[-85.35821,34.986572],[-85.35954,34.986515],[-85.35963,34.98627],[-85.35966,34.986004],[-85.35548,34.986034],[-85.35527,34.98582],[-85.35553,34.985374],[-85.35643,34.985382],[-85.35685,34.984413],[-85.35725,34.984097],[-85.35725,34.98348],[-85.35334,34.98362],[-85.35314,34.984257],[-85.35401,34.984375],[-85.3534,34.987247],[-85.352325,34.98716],[-85.352234,34.98772],[-85.35124,34.988094],[-85.35002,34.987823],[-85.34973,34.98843],[-85.349144,34.98837],[-85.34898,34.988907],[-85.34917,34.988907],[-85.34902,34.98956],[-85.348335,34.989418],[-85.34796,34.99036],[-85.34822,34.990963]]
result          odqtEjq|gOFnASnA{BnByBvECpA`@lAqAjBUnAiAKaANKfA`BTzApAhDPhHrA^NFz@Ed@U^f@rAg@fCgBfCY|An@`BW|A~BpAlAsBvIbBpFVJhGn@Pt@DEcYh@i@xAr@`ErA~@nA[mW_Cg@WlD}PyBPwEoBQiAeEt@sFyBy@JuBkB_@aC]ZgC{DkAwBr@
coordsArray     [[-85.36665,35.019527],[-85.37186,35.013474],[-85.37151,35.01312],[-85.37515,35.00881],[-85.37605,35.008102],[-85.37733,35.006577],[-85.37965,35.00374],[-85.37955,35.00298],[-85.379616,35.002686],[-85.38403,34.996334],[-85.38479,34.995235],[-85.38552,34.9945],[-85.38703,34.99243],[-85.38895,34.99307],[-85.389046,34.994083],[-85.3882,34.99438],[-85.388466,34.99571],[-85.389786,34.995266],[-85.389366,34.993652],[-85.38935,34.99271],[-85.389404,34.99134],[-85.38994,34.989716],[-85.39051,34.988686],[-85.3942,34.990105],[-85.39501,34.98887],[-85.393776,34.98769],[-85.39454,34.987015],[-85.39284,34.98583],[-85.39395,34.98466],[-85.39506,34.98513],[-85.39574,34.983997],[-85.39664,34.985153],[-85.39637,34.98707],[-85.39637,34.988144],[-85.39774,34.98792],[-85.398346,34.986042],[-85.39779,34.98504],[-85.3967,34.984196],[-85.39629,34.983723],[-85.39605,34.983025],[-85.398605,34.983025],[-85.40009,34.985004],[-85.40118,34.985207],[-85.40277,34.983967],[-85.404335,34.983982],[-85.40518,34.983032],[-85.40781,34.98302],[-85.40874,34.983696],[-85.40992,34.984047],[-85.41067,34.98542],[-85.41646,34.989185],[-85.42059,34.989456],[-85.42195,34.988033],[-85.4225,34.98465],[-85.42362,34.98517],[-85.42779,34.98479],[-85.428,34.982937],[-85.42115,34.983654],[-85.42,34.985466],[-85.41826,34.984684],[-85.417015,34.985126],[-85.41572,34.98295],[-85.39524,34.982967],[-85.39187,34.986702],[-85.39153,34.986538],[-85.391304,34.986618],[-85.38951,34.988647],[-85.386856,34.99224],[-85.38516,34.991467],[-85.38469,34.992123],[-85.38514,34.992348],[-85.384735,34.99294],[-85.385925,34.99345],[-85.38538,34.99425],[-85.38456,34.995083],[-85.38374,34.996185],[-85.37918,35.00284],[-85.37925,35.003517],[-85.3792,35.003796],[-85.377,35.006466],[-85.375946,35.0079],[-85.37493,35.008663],[-85.373055,35.01096],[-85.369125,35.015415],[-85.36588,35.01932],[-85.36665,35.019527]]
result          awvtEpd`hOxd@p_@dAeA|YvUlCrDnH~FvPnMvCSx@Ltf@pZzEvCrCpC|KlH_C~JiER{@iDiGt@vAfG`IsAzDCpGHbIjBlEpB{G`VvF`DjFuFfCvCjFsIhF|E}A|E`FfCgFrD_Ku@j@pGvJxBfEoBfDyE|AqAjCo@kKfHg@xEvF|HCvH|DfD@lOgCxDeAjFqGtCoVdc@u@xXzGnGbTlBgB~EjA`YpJh@oCyi@iJeFzC{IwAwFrLcGC__CkVaT^cAOm@uKeJmUqOxCsIcC}Ak@xAuBoAeBlF_DkBeDcD{EcDsh@o[gCLw@IuOwL}GqEwCkEkMwJ{ZqWkWgSi@xC
coordsArray     [[-85.36707,35.01905],[-85.36799,35.01955],[-85.36826,35.01917],[-85.36889,35.01942],[-85.36916,35.019043],[-85.3699,35.019352],[-85.37079,35.018223],[-85.372635,35.01905],[-85.373474,35.01891],[-85.37416,35.017506],[-85.37274,35.016975],[-85.3748,35.01359],[-85.37311,35.012825],[-85.37062,35.015987],[-85.37,35.01568],[-85.36958,35.016167],[-85.36707,35.01905]]
result          atvtEdg`hOcBvDjAt@q@|BjAt@}@rC`FpDeDnJZfDvGhChB{GbTzKvCqIwRqN|@{BaBsA_QuN
coordsArray     [[-85.36395,35.02468],[-85.36489,35.024952],[-85.36525,35.02469],[-85.36654,35.02502],[-85.366165,35.02591],[-85.36659,35.026325],[-85.367874,35.026333],[-85.37443,35.024998],[-85.37462,35.024773],[-85.37404,35.024273],[-85.36817,35.021534],[-85.36732,35.02238],[-85.36558,35.021847],[-85.365746,35.021122],[-85.36469,35.02091],[-85.363205,35.021164],[-85.36349,35.0218],[-85.36403,35.02188],[-85.363754,35.023315],[-85.36395,35.02468]]
result          gwwtEts_hOu@zDr@fAaA`GqDkAsArAjG~g@j@d@bBsBbPuc@iDiDhB{InC`@h@sEq@gH_Cv@OjB_Hw@oGf@
coordsArray     [[-85.36963,35.0222],[-85.37443,35.024437],[-85.37522,35.02361],[-85.37593,35.02306],[-85.3755,35.022568],[-85.37632,35.020653],[-85.378975,35.021202],[-85.38004,35.02094],[-85.37977,35.0198],[-85.377426,35.019314],[-85.37585,35.018932],[-85.374466,35.019394],[-85.37041,35.019966],[-85.37016,35.020565],[-85.37053,35.020695],[-85.36963,35.0222]]
result          wgwtEdw`hO_M~\dD|ClBlC`BuA~JbDmBrOr@rEbFu@`BsMjA{H{AsGqBkXwBq@YhAkHsD
coordsArray     [[-85.35191,35.03501],[-85.350975,35.036766],[-85.354904,35.038425],[-85.353516,35.040443],[-85.35252,35.042],[-85.353516,35.0424],[-85.35324,35.043118],[-85.355415,35.04397],[-85.35819,35.039715],[-85.35918,35.037933],[-85.35925,35.037453],[-85.36256,35.02989],[-85.361145,35.029217],[-85.36106,35.02894],[-85.360306,35.028984],[-85.35891,35.0302],[-85.35628,35.029922],[-85.35464,35.03184],[-85.35746,35.032825],[-85.3551,35.03649],[-85.356636,35.037086],[-85.35591,35.037807],[-85.35461,35.03726],[-85.35377,35.036015],[-85.35191,35.03501]]
result          ywytElh}gO_J{DkIpWsKuGwHgEoAfEoCw@iDrLrYjPbJdE~ALfn@tSdC{Gv@OGuCsFwGv@mO_KgIcErP{UwMwBrHoCqClBcGvFgDfEsJ
coordsArray     [[-85.3637,35.029766],[-85.36689,35.031357],[-85.36977,35.030388],[-85.37144,35.03052],[-85.37147,35.0301],[-85.37189,35.029057],[-85.37211,35.02812],[-85.37241,35.027863],[-85.37396,35.02716],[-85.37437,35.026936],[-85.37555,35.02547],[-85.37554,35.02539],[-85.37523,35.025208],[-85.374756,35.02532],[-85.37399,35.026127],[-85.37286,35.02577],[-85.36732,35.02708],[-85.36382,35.02826],[-85.3637,35.029766]]
result          awxtEbr_hO}H|R`E~PYlIrADnErAzDj@r@z@jCtHj@pAdHjFb@}@U}AaDyCfAaFeGsa@kF{TmHW
coordsArray     [[-85.369995,35.038593],[-85.37021,35.03809],[-85.37021,35.037605],[-85.36546,35.03571],[-85.36601,35.034706],[-85.36311,35.033592],[-85.36338,35.033024],[-85.362274,35.031715],[-85.36183,35.031563],[-85.36073,35.034195],[-85.36127,35.034412],[-85.36123,35.034737],[-85.3667,35.03735],[-85.369995,35.038593]]
result          enztEny`hObBj@zJu\fElB|EcQpBt@dG}E\wAmO{Ek@jB_AGiOda@wFrS
coordsArray     [[-85.366425,35.036083],[-85.37021,35.037605],[-85.3702,35.038086],[-85.37012,35.038315],[-85.37086,35.03856],[-85.37121,35.038006],[-85.372925,35.036842],[-85.373405,35.037006],[-85.373924,35.03689],[-85.375114,35.034576],[-85.374626,35.03131],[-85.37306,35.030437],[-85.3718,35.030716],[-85.37129,35.030643],[-85.36977,35.030796],[-85.36834,35.031395],[-85.36688,35.03215],[-85.36654,35.032814],[-85.36705,35.033855],[-85.366425,35.036083]]
result          o~ytEbc`hOoHrVm@Oo@rClBdAfFvI_@~AVfBlMlFlSaBlDyHw@{FLeB]oHwB}GwCcHcCcAoEdB}L{B
coordsArray     [[-85.37147,35.03037],[-85.37193,35.030514],[-85.37308,35.030437],[-85.37463,35.031315],[-85.37605,35.030262],[-85.3773,35.030327],[-85.37893,35.02909],[-85.38089,35.027077],[-85.3822,35.026665],[-85.38288,35.026157],[-85.38158,35.024975],[-85.38173,35.024704],[-85.381386,35.02467],[-85.3804,35.02501],[-85.377396,35.02487],[-85.37586,35.02508],[-85.374374,35.026943],[-85.37241,35.02786],[-85.372116,35.028114],[-85.371895,35.029045],[-85.371475,35.030098],[-85.37147,35.03037]]
result          yzxtEtbahO[zANdFoDtHpEzGKxFvFdIpKfKpAdGdBfCjFcGt@\DcAcAeEZwQi@sHsJiHwDgKq@y@yDk@qEsA
coordsArray     [[-85.38327,35.02642],[-85.38599,35.026302],[-85.38785,35.025833],[-85.39092,35.02617],[-85.39615,35.02572],[-85.40333,35.02757],[-85.40357,35.02744],[-85.403725,35.026707],[-85.403595,35.026077],[-85.40311,35.025772],[-85.40253,35.025494],[-85.40187,35.025253],[-85.400604,35.024982],[-85.398926,35.02476],[-85.39061,35.02378],[-85.38969,35.023643],[-85.3889,35.02335],[-85.38849,35.02303],[-85.38824,35.022743],[-85.3879,35.022144],[-85.38733,35.022373],[-85.38674,35.022854],[-85.3858,35.024136],[-85.38435,35.023968],[-85.38323,35.023438],[-85.38165,35.02393],[-85.38191,35.024612],[-85.38189,35.02513],[-85.38327,35.02642]]
result          cbxtEllchOV~O|ArJcAdRxAt_@qJzk@Xn@pC^|BYz@_Bv@sBn@cCt@}Fj@oIbE_s@ZwDx@}C~@qAx@q@vBcAm@qB_BuB_G{D`@aHhB_FaB{HgCr@gBCaGrG
coordsArray     [[-85.402275,35.036907],[-85.40346,35.035347],[-85.40819,35.037193],[-85.41028,35.03683],[-85.41103,35.036266],[-85.4115,35.034904],[-85.41165,35.0347],[-85.40889,35.032684],[-85.40846,35.031654],[-85.40999,35.030613],[-85.40923,35.028576],[-85.40619,35.02678],[-85.40435,35.02763],[-85.40494,35.028973],[-85.40577,35.029003],[-85.40724,35.032356],[-85.40874,35.034073],[-85.408875,35.034386],[-85.40883,35.034523],[-85.4082,35.03505],[-85.40749,35.035095],[-85.40705,35.034832],[-85.406006,35.033863],[-85.39295,35.02928],[-85.384346,35.03178],[-85.3851,35.033333],[-85.38602,35.034687],[-85.39053,35.033722],[-85.39362,35.032516],[-85.396904,35.03405],[-85.39871,35.03551],[-85.40024,35.03617],[-85.39889,35.039364],[-85.39973,35.039738],[-85.402275,35.036907]]
result          ucztEfcghOvHjFqJp\fA`LnBtCnG|Af@\rKgPlEuAnEpHvKwCfJ_RiDoJkGtBEdD}SdHwIjH}@Z[GiB}BGmCr@wA`EoEr[spAsNwt@uHtCmGvD~Dd[pFhRqHnScHhJcCpH}RmGiAfDtPzN
coordsArray     [[-85.39759,35.024567],[-85.39945,35.024788],[-85.40184,35.025192],[-85.403435,35.02574],[-85.403114,35.02494],[-85.40249,35.023937],[-85.40043,35.023132],[-85.39699,35.02253],[-85.39685,35.022934],[-85.39747,35.023582],[-85.39768,35.024063],[-85.39759,35.024567]]
result          qvwtE|efhOk@rJoA|MmB~H~C_AfE{B~C{KvBoToA[aCzB_Bh@cBQ
coordsArray     [[-85.39358,35.019142],[-85.39424,35.019985],[-85.395775,35.021687],[-85.39686,35.02146],[-85.39875,35.022774],[-85.39913,35.02285],[-85.399055,35.022316],[-85.3987,35.022106],[-85.399536,35.01994],[-85.400505,35.01884],[-85.400024,35.018604],[-85.399704,35.018044],[-85.40048,35.01752],[-85.40085,35.016518],[-85.39906,35.015163],[-85.397316,35.01508],[-85.39613,35.014435],[-85.39539,35.014126],[-85.39469,35.014183],[-85.39428,35.01443],[-85.394325,35.014915],[-85.39375,35.01582],[-85.39385,35.016586],[-85.39387,35.017353],[-85.39352,35.01828],[-85.39347,35.018703],[-85.39358,35.019142]]
result          stvtEzlehOgDbCsIrHl@vEeGxJOjAhBOh@gApLfDzE`En@_BnB_AfBzCfEhAnGeJN{I~BmF|@sCKkCq@qA_BFsDsByCRyCByDeAsAIwAT
coordsArray     [[-85.40068,35.022182],[-85.40237,35.022617],[-85.403755,35.023037],[-85.40653,35.023613],[-85.40661,35.02456],[-85.406136,35.024994],[-85.40536,35.024628],[-85.40438,35.024494],[-85.40333,35.02423],[-85.40303,35.02455],[-85.403404,35.025482],[-85.404076,35.025955],[-85.40485,35.025192],[-85.405945,35.025803],[-85.4067,35.02539],[-85.408104,35.024155],[-85.409485,35.023514],[-85.40989,35.022842],[-85.40825,35.02238],[-85.40661,35.02217],[-85.404854,35.022182],[-85.4044,35.021526],[-85.405266,35.02009],[-85.40647,35.018936],[-85.407745,35.018387],[-85.40528,35.016895],[-85.40377,35.018616],[-85.402626,35.019817],[-85.40109,35.019295],[-85.39983,35.020695],[-85.39941,35.02186],[-85.3991,35.02232],[-85.40068,35.022182]]
result          sgwtEfyfhOwApIsArGsBjP}DNuA}AhA{CXcEr@qE_A{@yDhA}AdCvCxCyBzEpAvCvFvG~BrGdCnAzAgIh@gIA_JbCyA~GlDdFnFlB~FhHkNwImHoFcFfBsHwG{FgFsA{A}@ZzH
coordsArray     [[-85.39459,35.011055],[-85.39431,35.011787],[-85.39434,35.012177],[-85.39472,35.01261],[-85.39556,35.012722],[-85.39561,35.013897],[-85.39635,35.014362],[-85.399086,35.01378],[-85.40247,35.01145],[-85.403145,35.009716],[-85.40423,35.00807],[-85.404205,35.007294],[-85.40286,35.006054],[-85.400955,35.005394],[-85.39924,35.006836],[-85.39696,35.006313],[-85.39351,35.010017],[-85.39459,35.011055]]
result          cbutEdsehOqCw@mADuAjAUfDkFH{ArCrBbPpMbTxIfChIvEzCCvFkGbC{J_HwIfBgMcVqToEvE
coordsArray     [[-85.3606,35.037334],[-85.362785,35.037327],[-85.3642,35.037506],[-85.3648,35.03643],[-85.361244,35.03474],[-85.36126,35.03442],[-85.360695,35.034184],[-85.35931,35.037327],[-85.359886,35.03734],[-85.35998,35.03704],[-85.36038,35.03701],[-85.3606,35.037334]]
result          ifztEv~~gOc@zGvEvBpIgU~@Bn@oBsRsGArBz@PDnA_Aj@
coordsArray     [[-85.35768,35.04057],[-85.35934,35.041233],[-85.36193,35.042213],[-85.36397,35.037865],[-85.36267,35.037334],[-85.360596,35.03736],[-85.36038,35.03702],[-85.35997,35.037056],[-85.359886,35.037357],[-85.35932,35.037346],[-85.35927,35.037434],[-85.35919,35.037926],[-85.358475,35.039253],[-85.35768,35.04057]]
result          qzztEnl~gOcCjIcEdOdZvKhBcGE}KbAk@GqA{@O@qBQIaBOiGoCgG_D
coordsArray     [[-85.362724,35.042534],[-85.364784,35.043327],[-85.36565,35.04395],[-85.36587,35.044075],[-85.366776,35.044357],[-85.36762,35.044674],[-85.36818,35.044666],[-85.370834,35.044277],[-85.37165,35.044224],[-85.37208,35.04332],[-85.37054,35.042946],[-85.36949,35.042522],[-85.3692,35.041565],[-85.36947,35.04101],[-85.37011,35.0401],[-85.37121,35.040592],[-85.371895,35.040024],[-85.37288,35.039925],[-85.37287,35.039223],[-85.370125,35.038326],[-85.37,35.038605],[-85.366684,35.037342],[-85.36551,35.03937],[-85.366135,35.0408],[-85.36598,35.04116],[-85.366295,35.04148],[-85.365616,35.042545],[-85.36327,35.041737],[-85.362724,35.042534]]
result          yf{tE~k_hO}CzK{BlDWj@w@tD_AfDlApOHbDrDtAhAsHrAqE~Dy@nBt@tD~BaBzEpBfCRbErDcPw@WzFwSuKiF}GzBgA_@_A~@sEgC`DuM_DmB
coordsArray     [[-85.36568,35.04829],[-85.3658,35.04945],[-85.366974,35.049923],[-85.36645,35.05182],[-85.36913,35.052227],[-85.3698,35.051666],[-85.36995,35.04701],[-85.37055,35.04592],[-85.37234,35.046326],[-85.373146,35.045467],[-85.37322,35.04519],[-85.37301,35.044823],[-85.3727,35.04455],[-85.372154,35.044334],[-85.37164,35.044228],[-85.37073,35.04428],[-85.36815,35.04466],[-85.367615,35.044666],[-85.36676,35.04435],[-85.365875,35.04409],[-85.36474,35.0433],[-85.36199,35.04223],[-85.36174,35.04267],[-85.36268,35.043037],[-85.36216,35.043964],[-85.3631,35.045235],[-85.36387,35.04566],[-85.36318,35.047157],[-85.36568,35.04829]]
result          yj|tEn~_hOgFV}AhF{JgBqAvOnBdCb\\xEvBqAdJjD`Dv@LhAi@t@}@j@mBTeBIuDkAcO~@kDr@oD|CcFtEePwAq@iAzDyDgB}FzDsAxCkHiCaFrN
coordsArray     [[-85.35846,35.046703],[-85.35873,35.047108],[-85.358444,35.0472],[-85.3588,35.048046],[-85.36087,35.049213],[-85.361145,35.049088],[-85.36135,35.04836],[-85.36052,35.047855],[-85.36084,35.047398],[-85.36087,35.046936],[-85.36151,35.046658],[-85.36213,35.04676],[-85.36266,35.045944],[-85.36126,35.045395],[-85.36265,35.043015],[-85.36171,35.04265],[-85.36194,35.04223],[-85.35765,35.04057],[-85.35597,35.043144],[-85.358315,35.04396],[-85.35799,35.045334],[-85.35743,35.04634],[-85.35752,35.04684],[-85.35801,35.04689],[-85.35846,35.046703]]
result          {`|tEjq~gOoAt@Qy@iDfAiF|KVv@pCf@bBeDzA~@zADv@~BSzBbDhBlBwGzMtGfA{DrAl@jIyYaOoIcDrMqG_AiEoBcBPI`Bd@xA
coordsArray     [[-85.34963,35.049652],[-85.34924,35.05183],[-85.34909,35.05216],[-85.350136,35.05255],[-85.35307,35.046646],[-85.354065,35.04529],[-85.354515,35.04479],[-85.3536,35.044193],[-85.3519,35.04363],[-85.35148,35.044205],[-85.35013,35.043644],[-85.35032,35.04315],[-85.350334,35.042854],[-85.35097,35.042747],[-85.35152,35.041916],[-85.35239,35.042145],[-85.35489,35.038433],[-85.351,35.03679],[-85.348885,35.041237],[-85.348755,35.044712],[-85.34957,35.045128],[-85.349594,35.045662],[-85.34997,35.04637],[-85.34925,35.048145],[-85.34929,35.049118],[-85.34981,35.049145],[-85.34963,35.049652]]
result          is|tEdz|gOsLmAaA]mApEzc@hQnGfEbBxAvBwDnBsIsBsAnBmG`Bd@z@@T~BdDlBm@lDdVrNfIiWyZgLwTYsAbDiBBmCjAcJoCaEFEfBeBc@
coordsArray     [[-85.35425,35.05215],[-85.35482,35.05279],[-85.35502,35.053257],[-85.35493,35.054085],[-85.35499,35.054565],[-85.35772,35.055016],[-85.3604,35.055237],[-85.36181,35.056484],[-85.36223,35.05599],[-85.36154,35.053795],[-85.362114,35.052948],[-85.362015,35.050392],[-85.3614,35.05023],[-85.360435,35.050533],[-85.35891,35.049564],[-85.35855,35.048244],[-85.35744,35.047554],[-85.35665,35.047802],[-85.35632,35.0479],[-85.35596,35.04806],[-85.355606,35.048374],[-85.354385,35.05018],[-85.354126,35.050694],[-85.35399,35.051228],[-85.35403,35.051758],[-85.35425,35.05215]]
result          }b}tE`w}gO_CpB}Af@eDQ_BJyA`Pk@vOyFxG`BrAvLiChDpB~NS^{B{@_E`EoHfGgAhC}Eq@}CSaA_@gA}@eAiJsFeBs@iB[iBFmAj@
coordsArray     [[-85.350136,35.052753],[-85.35259,35.05372],[-85.35489,35.054554],[-85.35499,35.05325],[-85.35477,35.052803],[-85.35421,35.052185],[-85.35398,35.051754],[-85.353966,35.051254],[-85.35409,35.050667],[-85.35436,35.050205],[-85.35558,35.048347],[-85.35594,35.048035],[-85.3563,35.047886],[-85.358696,35.047108],[-85.35845,35.04673],[-85.35665,35.047253],[-85.35354,35.04598],[-85.35307,35.046658],[-85.350136,35.052753]]
result          uf}tEj}|gOaEhNeDjMbGRxAk@zBoBtAm@bBAtBVzAt@rJrF|@fA\fAzC~MjAq@gBgJ|FmRgC}Ace@iQ
coordsArray     [[-85.35008,35.05682],[-85.35346,35.05814],[-85.35411,35.056946],[-85.3539,35.05684],[-85.35421,35.056152],[-85.35434,35.05619],[-85.354614,35.055676],[-85.35448,35.055595],[-85.35251,35.054886],[-85.353,35.05389],[-85.35065,35.05298],[-85.34943,35.055103],[-85.35035,35.055744],[-85.35008,35.05682]]
result          c`~tE~||gOgGbTlF`CTi@hC|@GXdBt@NYlCiKfE`BtDuMgLsF_CvDwEu@
coordsArray     [[-85.34442,35.06051],[-85.34904,35.061264],[-85.35108,35.061253],[-85.353096,35.06059],[-85.35309,35.059822],[-85.353325,35.059277],[-85.35344,35.058178],[-85.350105,35.056816],[-85.35032,35.055733],[-85.349434,35.055073],[-85.35061,35.052967],[-85.34878,35.05233],[-85.34604,35.054386],[-85.34464,35.056145],[-85.34429,35.05843],[-85.34442,35.06051]]
result          ew~tEry{gOuCz[@vKbCrKjBn@zEVnG{SvEj@bCqDdLjF~BmJ{KcP_JwGgMeA_LX
coordsArray     [[-85.35007,35.07351],[-85.350784,35.072845],[-85.3509,35.071655],[-85.35263,35.07114],[-85.35568,35.06831],[-85.35549,35.06746],[-85.35408,35.066174],[-85.35449,35.06532],[-85.355446,35.06494],[-85.355804,35.064213],[-85.35593,35.06221],[-85.35619,35.062073],[-85.35854,35.062893],[-85.35889,35.06285],[-85.360916,35.060318],[-85.35827,35.05797],[-85.35936,35.0561],[-85.35655,35.054817],[-85.35494,35.054585],[-85.35464,35.054485],[-85.35447,35.054913],[-85.354744,35.055023],[-85.35449,35.055603],[-85.35462,35.055687],[-85.354355,35.056175],[-85.35422,35.056156],[-85.353905,35.05685],[-85.354126,35.056953],[-85.35347,35.058174],[-85.3533,35.05928],[-85.3531,35.059963],[-85.35362,35.05996],[-85.35426,35.06061],[-85.35475,35.060814],[-85.35467,35.061035],[-85.35131,35.062668],[-85.34693,35.06209],[-85.34411,35.061974],[-85.343185,35.063602],[-85.34246,35.063873],[-85.341644,35.063507],[-85.34159,35.06187],[-85.340996,35.061848],[-85.340744,35.062695],[-85.34111,35.06569],[-85.35007,35.07351]]
result          mhauE|||gObClClFVfBxItP`RhDe@`GyGhDpAjA~DpCfAnKXZr@cDtMFdAxNtKtMqOtJxE~FqPl@aIR{@uAa@Ut@sBq@OXaBs@B[iC_ASj@sFcC}Ea@gCg@aC~Bg@`Bk@OeI_TrBkZVsPeIwDu@oChAcDfIIBuBiDq@wQhA{o@~v@
coordsArray     [[-85.31693,34.993896],[-85.32019,34.994984],[-85.32182,34.991608],[-85.32201,34.990765],[-85.323105,34.989113],[-85.32511,34.988342],[-85.325325,34.98778],[-85.32583,34.987194],[-85.32583,34.98704],[-85.32477,34.98616],[-85.32435,34.986305],[-85.323746,34.986767],[-85.32192,34.98745],[-85.32172,34.98705],[-85.320404,34.98746],[-85.320076,34.988083],[-85.320076,34.988194],[-85.31693,34.993896]]
result          {vqtExmvgOyEjSbTdIfDd@hIzExCnKnBj@tBbBnDsE[sA{AwBgCmJnAg@qAgG{BaAsb@uR
coordsArray     [[-85.30975,34.989166],[-85.31597,34.991455],[-85.31689,34.989685],[-85.31822,34.99013],[-85.31767,34.9912],[-85.31825,34.991405],[-85.32007,34.988182],[-85.32007,34.98808],[-85.32072,34.986874],[-85.32126,34.986927],[-85.321655,34.986225],[-85.321075,34.98599],[-85.31992,34.985973],[-85.31917,34.986427],[-85.31858,34.987038],[-85.317924,34.98822],[-85.317375,34.988018],[-85.31787,34.986816],[-85.31719,34.986595],[-85.31663,34.987408],[-85.315384,34.98693],[-85.31443,34.987244],[-85.31362,34.98865],[-85.3147,34.989056],[-85.31427,34.98979],[-85.3129,34.989285],[-85.31317,34.98868],[-85.31163,34.98812],[-85.31026,34.98823],[-85.30975,34.989166]]
result          iyptE|`ugOiMze@`JvDwAhGuEmBg@rBbSjJpF`CIjBjCnAn@sBBgFyAuCyBuBkFcCf@mBnFbBj@gCaDoB~AyF}@}DyGaDqAvEqCuAbBqGvBt@nBsHUqG{DeB
coordsArray     [[-85.303955,34.991234],[-85.304214,34.99125],[-85.30446,34.991283],[-85.30479,34.99139],[-85.305954,34.991795],[-85.30624,34.9913],[-85.3063,34.991055],[-85.306244,34.990772],[-85.305626,34.98924],[-85.30542,34.989292],[-85.30528,34.988937],[-85.30363,34.989296],[-85.30284,34.989643],[-85.30199,34.990322],[-85.30255,34.99092],[-85.30394,34.99084],[-85.30396,34.99099],[-85.303955,34.991234]]
result          efqtEv|sgOCr@Ep@U`AoAfFbBx@n@Jv@KpH{BIi@fA[gAiIeA}CgCiDwBnBNtG]B
coordsArray     [[-85.304115,34.992973],[-85.30709,34.994114],[-85.307945,34.99253],[-85.30594,34.991795],[-85.30467,34.99136],[-85.30446,34.991283],[-85.3042,34.99125],[-85.30395,34.991238],[-85.303894,34.99145],[-85.30342,34.9914],[-85.30286,34.992527],[-85.304115,34.992973]]
result          aqqtEv}sgOcFrQzHjDrCoKvA}FNi@Ds@@q@i@KH}AaFoByAzF
coordsArray     [[-85.305954,34.9918],[-85.30795,34.992527],[-85.30956,34.98949],[-85.30728,34.988613],[-85.30666,34.98856],[-85.30528,34.988937],[-85.305405,34.989296],[-85.30562,34.98924],[-85.30625,34.990776],[-85.3063,34.991055],[-85.306244,34.991314],[-85.305954,34.9918]]
result          wiqtEditgOqCnK~Q`InDgMH{BkAsGgAVJj@sH|Bw@Hs@KaBy@
coordsArray     [[-85.32572,35.017014],[-85.32702,35.01755],[-85.327545,35.01656],[-85.32583,35.015877],[-85.32653,35.01516],[-85.32832,35.01129],[-85.33065,35.012165],[-85.33027,35.012913],[-85.33058,35.013184],[-85.330284,35.013737],[-85.33182,35.01427],[-85.3317,35.01469],[-85.33225,35.014812],[-85.33258,35.0159],[-85.333885,35.01629],[-85.33421,35.016037],[-85.33443,35.01525],[-85.33409,35.015186],[-85.3337,35.015392],[-85.33323,35.014748],[-85.3329,35.01378],[-85.33166,35.013344],[-85.33202,35.013187],[-85.332565,35.013325],[-85.33274,35.012936],[-85.33186,35.012543],[-85.3329,35.010357],[-85.33309,35.009457],[-85.33292,35.008625],[-85.331665,35.00696],[-85.33164,35.00626],[-85.33167,35.006004],[-85.33151,35.00582],[-85.33205,35.005795],[-85.33214,35.005577],[-85.33299,35.005493],[-85.33314,35.004986],[-85.332825,35.003914],[-85.33304,35.002804],[-85.33458,35.002884],[-85.33462,35.00234],[-85.332565,35.00209],[-85.33246,35.00376],[-85.33196,35.004288],[-85.33153,35.004635],[-85.33119,35.004974],[-85.33107,35.005238],[-85.33103,35.005424],[-85.331055,35.005566],[-85.33112,35.00578],[-85.331375,35.005924],[-85.33148,35.00603],[-85.331474,35.00623],[-85.331215,35.00636],[-85.330605,35.00621],[-85.33044,35.006218],[-85.33014,35.006424],[-85.33003,35.006714],[-85.329926,35.006855],[-85.32919,35.007206],[-85.32901,35.00731],[-85.32894,35.0075],[-85.32884,35.00781],[-85.32854,35.008106],[-85.3289,35.00819],[-85.32872,35.00864],[-85.3291,35.00871],[-85.32939,35.008537],[-85.32954,35.00853],[-85.33022,35.00878],[-85.32997,35.009365],[-85.32886,35.00986],[-85.32843,35.01056],[-85.328094,35.011295],[-85.326355,35.015095],[-85.32517,35.016388],[-85.32591,35.016663],[-85.32572,35.017014]]
result          igvtEvdxgOkBbGdEfBfCwInCjCdWdJoDpMuCkAu@|@mB{@iBrHsAWWlByE`AmAbGp@~@|Cj@JcAi@mA~B}A`EaAvAwF^fA[jBlAb@lAoDtLnErDd@dDa@jI{FjCCr@Db@_@BjBj@PNhDdB\tE_A|Ej@OrHjBFp@{KmISiBcBeAuAcAcAs@We@G[Bi@J[r@URYs@\yBi@{@y@U[SeAsCSc@e@M}@S{@{@OfAyAc@MjA`@x@q@fCsBq@cB}EkCuAsCcAwV{IaGkFw@rCeAe@
coordsArray     [[-85.32739,35.007313],[-85.32774,35.00734],[-85.32806,35.007763],[-85.3286,35.007786],[-85.32902,35.007305],[-85.32918,35.007133],[-85.32917,35.006546],[-85.329796,35.00648],[-85.330055,35.00642],[-85.33043,35.00621],[-85.33051,35.005974],[-85.33088,35.005993],[-85.331055,35.005558],[-85.33103,35.005432],[-85.33106,35.005245],[-85.33119,35.004967],[-85.331535,35.004642],[-85.332016,35.00423],[-85.33227,35.003998],[-85.33246,35.003716],[-85.33257,35.001953],[-85.3326,35.00005],[-85.33166,35.000057],[-85.33171,35.000347],[-85.33029,35.00038],[-85.32768,35.000202],[-85.32739,35.007313]]
result          ujttEdoxgOEdAsA~@CjB~ArA`@^L|BJr@h@jAn@NChAvAb@XCd@Dv@X~@bApA~Al@p@v@d@~ITzJDy@HE{Gb@iOmk@y@
coordsArray     [[-85.326385,34.995434],[-85.33186,34.9974],[-85.332794,34.996624],[-85.333176,34.996033],[-85.33287,34.994747],[-85.33283,34.993763],[-85.33336,34.99287],[-85.33284,34.992634],[-85.33288,34.992523],[-85.32673,34.992283],[-85.3264,34.993282],[-85.32636,34.993492],[-85.326324,34.99401],[-85.32636,34.995445],[-85.326385,34.995434]]
result          m`rtEzhxgOiKfa@zCxDtBjA`G}@bEGpDhBn@gBTFn@me@gEaAi@GgBG_HF@B
coordsArray     [[-85.32674,34.99229],[-85.332886,34.99252],[-85.33285,34.992638],[-85.33318,34.99274],[-85.33339,34.99271],[-85.33344,34.99236],[-85.333305,34.991634],[-85.33348,34.990875],[-85.334076,34.99079],[-85.33432,34.990368],[-85.33423,34.98954],[-85.33519,34.98957],[-85.335335,34.988953],[-85.33585,34.989677],[-85.336624,34.98968],[-85.33826,34.988113],[-85.338684,34.987465],[-85.33886,34.986786],[-85.33739,34.986664],[-85.33724,34.987373],[-85.33652,34.988426],[-85.33533,34.98804],[-85.33434,34.988415],[-85.33287,34.988415],[-85.32808,34.988174],[-85.327705,34.989582],[-85.32674,34.99229]]
result          ylqtEbkxgOm@le@WGS`ADh@dAHpC[vCb@NvBrAn@dDQE~DzBZoCfBxHfI`CrAfCb@VeHmC]qEoClAmFkAeEn@}\yGkA}O_E
coordsArray     [[-85.32806,34.988155],[-85.33285,34.988384],[-85.33307,34.987614],[-85.33361,34.98762],[-85.33367,34.987343],[-85.334595,34.987354],[-85.335495,34.98736],[-85.33573,34.98647],[-85.33671,34.986485],[-85.337296,34.986107],[-85.33605,34.984936],[-85.33492,34.98455],[-85.3344,34.983932],[-85.33199,34.983963],[-85.328705,34.986904],[-85.32698,34.986656],[-85.32659,34.98687],[-85.32626,34.988014],[-85.328,34.988323],[-85.32806,34.988155]]
result          _sptEjsxgOm@|\xCj@v@JAvDpDn@CbEjAtBhFyFlAaFzBgBEaNkQoSp@wIi@mAcFaA}@zI`@J
coordsArray     [[-85.323906,34.992504],[-85.324234,34.992786],[-85.3248,34.99308],[-85.32465,34.994114],[-85.32508,34.994537],[-85.32564,34.99472],[-85.32561,34.995087],[-85.325836,34.995346],[-85.326004,34.995266],[-85.32631,34.995403],[-85.32633,34.995403],[-85.32634,34.99351],[-85.32639,34.99326],[-85.327675,34.989582],[-85.328,34.988354],[-85.32534,34.987812],[-85.325134,34.98831],[-85.32548,34.9884],[-85.32519,34.989506],[-85.32563,34.989872],[-85.323906,34.992504]]
result          cnqtElywgOw@`Ay@pBmE]sAtAc@nBiAEs@l@N`@[|@p@H~U~FtF~@jBsOcBi@QdA}Ey@iAvAmOwI
coordsArray     [[-85.32484,34.999496],[-85.32541,34.999905],[-85.32562,35.000496],[-85.32631,35.00138],[-85.32633,35.00226],[-85.32608,35.002575],[-85.32552,35.00267],[-85.32537,35.00288],[-85.325554,35.005676],[-85.32577,35.005848],[-85.326515,35.00585],[-85.32743,35.005398],[-85.32776,34.997303],[-85.32631,34.995403],[-85.32601,34.995266],[-85.325836,34.99535],[-85.32559,34.995087],[-85.32562,34.994743],[-85.32511,34.994545],[-85.32489,34.994385],[-85.324234,34.994644],[-85.32395,34.99525],[-85.32456,34.995728],[-85.32493,34.995647],[-85.32577,34.99624],[-85.32523,34.99696],[-85.32501,34.997547],[-85.32566,34.997787],[-85.32484,34.999496]]
result          {yrtEf_xgOqApBuBh@oDhCoDB_Aq@SoBi@]oPb@a@j@xAvDrq@`AzJaHZ{@Oa@r@q@bADf@eB^k@s@cCyBw@_BxBNhAuBfDoCkBuBk@o@`CuIcD
coordsArray     [[-85.325066,35.01453],[-85.323395,35.015667],[-85.3221,35.017735],[-85.328674,35.0201],[-85.32974,35.01955],[-85.33074,35.019238],[-85.33205,35.018986],[-85.33315,35.019035],[-85.334694,35.016357],[-85.33234,35.01227],[-85.33302,35.00892],[-85.331276,35.006424],[-85.33153,35.006313],[-85.33163,35.005955],[-85.33098,35.005592],[-85.33119,35.00502],[-85.33193,35.00435],[-85.33231,35.00398],[-85.332504,35.00364],[-85.33311,35.00205],[-85.33386,35.000927],[-85.334175,34.999855],[-85.334755,34.998978],[-85.33484,34.998013],[-85.33517,34.99753],[-85.336105,34.997173],[-85.33731,34.995594],[-85.338684,34.994785],[-85.3392,34.993725],[-85.34044,34.99291],[-85.340935,34.992012],[-85.34102,34.99036],[-85.34307,34.98864],[-85.34439,34.98856],[-85.34442,34.988174],[-85.34371,34.98761],[-85.34378,34.986492],[-85.34408,34.98603],[-85.34412,34.9852],[-85.34434,34.984615],[-85.3443,34.98369],[-85.31797,34.98422],[-85.31563,34.984245],[-85.31043,34.984413],[-85.31063,34.98714],[-85.31053,34.987736],[-85.306175,34.99575],[-85.304665,34.998848],[-85.305016,34.998737],[-85.305374,34.99891],[-85.3056,34.999146],[-85.30579,34.999577],[-85.30561,35.00001],[-85.30532,35.000416],[-85.30548,35.00066],[-85.306,35.000862],[-85.30625,35.001175],[-85.30628,35.00166],[-85.30625,35.002953],[-85.305786,35.003677],[-85.310585,35.00543],[-85.31025,35.00724],[-85.309685,35.010754],[-85.30968,35.011463],[-85.30978,35.01206],[-85.31016,35.012936],[-85.31068,35.013447],[-85.311264,35.013863],[-85.311806,35.0142],[-85.31421,35.01505],[-85.31731,35.009518],[-85.32025,35.01066],[-85.32092,35.009304],[-85.31794,35.008232],[-85.318504,35.007164],[-85.32145,35.00822],[-85.32748,35.007977],[-85.32808,35.00893],[-85.32799,35.010292],[-85.3277,35.0108],[-85.32737,35.011227],[-85.32673,35.0115],[-85.325066,35.01453]]
result          ywutEt`xgOcFmI}KcGwM`h@lBtE|@fEp@dGIzEvOrHpXuM|SfCrN{ITp@fARfAaCpBh@dCrChAjAbAd@|HxB~EtCtE~@nDrB~DN~A`AfAzDzHnF`DpGrEfBbDvFrDbBhINvIxKNfGlADnBmC~ELzAz@dDFrBj@vDGiBqcDCsMa@o_@aPf@wBSaq@gZkRmHTdAa@fAo@l@uAd@uAc@qAy@o@^g@fB}@p@_BDaGEoC{A}I~\iJcA}ToBwBRoDjAeBfBsArBcAjBiD~Mpa@jRcFjQnGdCtEsQtEnBsElQn@td@}DvBoGQeBy@uAaAu@_C}QkI
coordsArray     [[-85.27289,34.998642],[-85.27574,34.99774],[-85.27678,34.99688],[-85.28516,35.000034],[-85.28545,34.999554],[-85.290985,35.001553],[-85.29751,35.000706],[-85.2978,35.000732],[-85.29804,35.000805],[-85.30577,35.003662],[-85.30622,35.003],[-85.3063,35.00165],[-85.30623,35.001163],[-85.30596,35.000866],[-85.30548,35.000668],[-85.30533,35.000412],[-85.305534,35.000084],[-85.30403,34.99947],[-85.29718,34.99698],[-85.29702,34.996944],[-85.29686,34.99692],[-85.29089,34.99774],[-85.29022,34.997803],[-85.29025,34.997944],[-85.28693,34.99677],[-85.28642,34.997738],[-85.282486,34.996243],[-85.281456,34.99586],[-85.281586,34.99561],[-85.27531,34.993195],[-85.273964,34.996315],[-85.27396,34.99749],[-85.2733,34.998127],[-85.27289,34.998642]]
result          otrtEpzmgOrDxPjDnEuRjs@~Ax@oKra@hDvg@Ex@Mn@{Pho@bCxAlGN`BMz@u@f@_Br@]`Af@xBkHpNyi@F_@B_@cDid@KeC[DhFwSaEeBjHqWjAmEp@XbNgf@oRmG_CcCgBqA
coordsArray     [[-85.27533,34.99319],[-85.28157,34.99561],[-85.28147,34.995853],[-85.28642,34.997746],[-85.28693,34.996758],[-85.290245,34.997936],[-85.290215,34.997803],[-85.2908,34.997746],[-85.29686,34.99691],[-85.29717,34.99697],[-85.305534,35.000046],[-85.30574,34.999596],[-85.3056,34.99918],[-85.30531,34.998928],[-85.305,34.998783],[-85.30464,34.99886],[-85.306114,34.995777],[-85.28988,34.989716],[-85.29008,34.990746],[-85.28264,34.98804],[-85.28116,34.98748],[-85.277985,34.98699],[-85.278244,34.98728],[-85.278244,34.987617],[-85.278206,34.987896],[-85.27799,34.989254],[-85.27751,34.990303],[-85.27738,34.990906],[-85.27718,34.991177],[-85.276245,34.991543],[-85.27616,34.992264],[-85.27533,34.99319]]
result          mrqtExingOcN~e@o@SyJ|]dEdBkFvSXEJrBfDzd@K|@gRfs@xAh@rA[p@y@Z}@OgAfRdHzd@mdBmEf@|Oom@nBgH`B{Ry@r@w@GoGk@qE_BwBYu@g@iA{DoCOyDeD
coordsArray     [[-85.27303,34.987263],[-85.274414,34.987743],[-85.276375,34.987606],[-85.278015,34.986923],[-85.28107,34.987446],[-85.290054,34.990715],[-85.28991,34.98977],[-85.30616,34.99579],[-85.31055,34.987747],[-85.31066,34.986916],[-85.31045,34.9844],[-85.29478,34.98463],[-85.29467,34.98468],[-85.289566,34.984768],[-85.289566,34.984848],[-85.28851,34.98491],[-85.288,34.984863],[-85.28804,34.984756],[-85.28693,34.98477],[-85.28668,34.98415],[-85.28637,34.983475],[-85.28433,34.9829],[-85.28123,34.98374],[-85.28096,34.983746],[-85.28085,34.983814],[-85.280556,34.983852],[-85.280205,34.98381],[-85.279785,34.98369],[-85.27964,34.98388],[-85.2794,34.98404],[-85.279175,34.984177],[-85.27757,34.98452],[-85.27551,34.983902],[-85.27519,34.98388],[-85.274704,34.983955],[-85.27418,34.984184],[-85.273155,34.98574],[-85.27283,34.9864],[-85.27303,34.987263]]
result          kmptEl{mgO_BrGZfKfCfIgBbRmSbw@zD[sd@pdBfq@lZdDTvNi@m@}`BIUQ{^KsEHeBTFA}EzBq@fC}@rBwKgDkRMUGy@FeAVsAe@[_@o@[k@cA_IzB{KB_AOaBm@gBwHkEcC_AkDf@
coordsArray     [[-85.28805,34.98475],[-85.28802,34.984856],[-85.28851,34.984898],[-85.28954,34.98484],[-85.28956,34.984768],[-85.29461,34.98468],[-85.294716,34.984623],[-85.31042,34.984367],[-85.336914,34.98384],[-85.34097,34.97401],[-85.34371,34.96222],[-85.345245,34.96117],[-85.34709,34.955326],[-85.341064,34.955288],[-85.341354,34.953873],[-85.340805,34.949104],[-85.33642,34.949593],[-85.33477,34.949455],[-85.32811,34.94745],[-85.3265,34.94731],[-85.324684,34.947735],[-85.32347,34.94829],[-85.3208,34.950134],[-85.31931,34.950596],[-85.29955,34.950848],[-85.29985,34.95157],[-85.299866,34.952362],[-85.29962,34.953197],[-85.2996,34.95406],[-85.30015,34.95567],[-85.30023,34.9582],[-85.29998,34.9597],[-85.297386,34.96215],[-85.295044,34.970184],[-85.29455,34.97139],[-85.28821,34.98173],[-85.287895,34.98206],[-85.28675,34.983105],[-85.2864,34.983482],[-85.286934,34.984764],[-85.28805,34.98475]]
result          u}otEhypgOUEG`BJlELBPp^JTr@baBhBpdDl|@jXthAbPpErHnc@nJFud@zGx@x\mBaBkZZiInKsh@ZaIsAkJoBqFoJuO{AiHq@ozBoCz@}CBgDq@kDCaIlByNNkHq@iNeOeq@sMqFaBs_Asf@aA_AoEcFkAeA_GhB@~E
coordsArray     [[-85.33318,35.01893],[-85.3358,35.02027],[-85.33796,35.021656],[-85.34129,35.02464],[-85.34251,35.025608],[-85.34462,35.026814],[-85.3456,35.02601],[-85.347755,35.025146],[-85.34896,35.024414],[-85.34984,35.023216],[-85.35047,35.023167],[-85.353004,35.02652],[-85.35362,35.026077],[-85.35414,35.02508],[-85.35505,35.024006],[-85.355995,35.02356],[-85.35686,35.022808],[-85.35735,35.02098],[-85.359634,35.01823],[-85.35869,35.016586],[-85.36026,35.01611],[-85.361084,35.015312],[-85.36137,35.014225],[-85.362625,35.01386],[-85.36475,35.01207],[-85.36675,35.011868],[-85.36816,35.00966],[-85.36839,35.0084],[-85.367905,35.00511],[-85.36792,35.004467],[-85.36818,35.004],[-85.368996,35.00362],[-85.37018,35.00319],[-85.37027,35.00263],[-85.37074,35.002056],[-85.37188,35.00095],[-85.37207,35.000366],[-85.37166,34.999554],[-85.37194,34.999302],[-85.3726,34.999367],[-85.37317,34.99904],[-85.374405,34.997498],[-85.37459,34.99678],[-85.374054,34.994095],[-85.373726,34.993122],[-85.37367,34.992638],[-85.37406,34.992336],[-85.37455,34.991978],[-85.37508,34.991814],[-85.37533,34.992184],[-85.37532,34.993004],[-85.376076,34.99343],[-85.3764,34.993637],[-85.37682,34.993702],[-85.37729,34.99355],[-85.37765,34.993073],[-85.37783,34.992607],[-85.377884,34.99215],[-85.376526,34.991016],[-85.375496,34.990227],[-85.37544,34.989803],[-85.37607,34.9889],[-85.376274,34.988434],[-85.37693,34.98747],[-85.37754,34.98724],[-85.37806,34.98731],[-85.37896,34.98754],[-85.37945,34.987377],[-85.379585,34.98713],[-85.37955,34.986794],[-85.378136,34.985596],[-85.37803,34.984974],[-85.378235,34.98475],[-85.37859,34.984585],[-85.379456,34.984795],[-85.37967,34.98451],[-85.37983,34.984173],[-85.379875,34.983852],[-85.37987,34.98344],[-85.37961,34.983074],[-85.3623,34.983406],[-85.36092,34.983547],[-85.35738,34.983467],[-85.34432,34.98368],[-85.34431,34.984608],[-85.34406,34.985226],[-85.344086,34.98605],[-85.34376,34.986546],[-85.34375,34.98762],[-85.344406,34.98816],[-85.344376,34.988544],[-85.343056,34.98859],[-85.341,34.990356],[-85.34092,34.992012],[-85.34043,34.992916],[-85.33923,34.9937],[-85.33866,34.994793],[-85.33734,34.9956],[-85.336136,34.99719],[-85.33516,34.997536],[-85.33483,34.99804],[-85.33475,34.99897],[-85.334175,34.999886],[-85.3339,35.000916],[-85.33317,35.00204],[-85.33248,35.003666],[-85.332306,35.00399],[-85.3312,35.004993],[-85.33101,35.00559],[-85.33163,35.00595],[-85.33153,35.00633],[-85.33128,35.006424],[-85.33303,35.008923],[-85.332344,35.012257],[-85.33469,35.016426],[-85.33318,35.01893]]
result          isvtEjsygOkGjOuGnLsQxSaErFqFdL~CbEjDnLpCnFnFnDH|B}SxNvAzBfEfBtEtDxAzDtCjDlJ`BdPfMfI{D~AxH~CbDxEx@fAzFdJfLf@nKxLxGzFl@pS_B~BB|Ar@jAbDtAjFnBPpB|A|EbFrBd@`DqAp@v@KbC`ApBrHvFnCb@vOkB`EaA~AKz@lAfA`B^hBiAp@uAvCi@~@KrA\|A~AfA|Ab@zAH`FoG|CmErAKrD|B|Af@~DbCl@xBMfBm@rD^`Bp@ZbAGnFyGzBUj@f@^fAi@lDv@h@bA^~@FhAs@aAekB[sGNcUi@spA{Bq@cDDcBaAkBbCkAEIgGaJ{KkIOsDaB{CoFyEqBaDgG}HoFeAcEcBaAyDOwDsBmEw@_FqCeIiC_Aa@gE}EwBe@gAzBkASQq@sN|IySiCaYtMsNmH
coordsArray     [[-85.38098,35.0211],[-85.3832,35.018684],[-85.38125,35.018116],[-85.38125,35.01774],[-85.38055,35.016342],[-85.37433,35.01366],[-85.371544,35.01727],[-85.373566,35.01815],[-85.373,35.01915],[-85.37087,35.022728],[-85.37405,35.02428],[-85.375046,35.025074],[-85.37722,35.024532],[-85.37859,35.02357],[-85.37957,35.0228],[-85.38098,35.0211]]
result          {`wtEb~bhObNzLpBeKvGkCvO{e@qUmPoDrKgEqBkUiLuHzR}CfEjBpL~DpGxCbErIxG
coordsArray     [[-85.35874,35.016556],[-85.3597,35.01818],[-85.357086,35.021282],[-85.36093,35.02102],[-85.37293,35.019238],[-85.373535,35.018124],[-85.371544,35.01725],[-85.37438,35.01367],[-85.38057,35.01633],[-85.38123,35.017757],[-85.38127,35.0181],[-85.38321,35.018642],[-85.38699,35.01519],[-85.387695,35.014217],[-85.38843,35.012848],[-85.38926,35.01167],[-85.3772,35.006584],[-85.36987,35.003292],[-85.36818,35.004005],[-85.36796,35.004475],[-85.3679,35.005123],[-85.36838,35.00837],[-85.36814,35.009697],[-85.36673,35.01186],[-85.36472,35.012047],[-85.362595,35.013912],[-85.36141,35.014294],[-85.36107,35.0154],[-85.360275,35.01611],[-85.35874,35.016556]]
result          odvtEbs~gOcI~DkRiOr@~VbJ~iA|EvBlDmKjUvPsOte@}GbCcAFkBbKpTrV`EjCpGrCjFdDx^kjApSyl@mCqI}Ak@aCKiS~AiGo@oLyGe@qKsJgLkAkF}EcAmC_DyAsH
coordsArray     [[-85.35125,35.075096],[-85.35206,35.07759],[-85.35271,35.081566],[-85.35234,35.090553],[-85.35269,35.0941],[-85.35312,35.095783],[-85.35422,35.097385],[-85.35683,35.099934],[-85.359985,35.101635],[-85.361595,35.103138],[-85.362335,35.103676],[-85.364296,35.106384],[-85.371895,35.112206],[-85.37447,35.113407],[-85.375854,35.113995],[-85.3815,35.115673],[-85.390526,35.118896],[-85.392815,35.119484],[-85.395226,35.105373],[-85.377625,35.08],[-85.3837,35.068775],[-85.380585,35.059364],[-85.37628,35.058144],[-85.37745,35.05721],[-85.378105,35.055737],[-85.37862,35.05275],[-85.37859,35.051876],[-85.37961,35.049736],[-85.381485,35.047493],[-85.382195,35.04471],[-85.38433,35.043297],[-85.38694,35.041016],[-85.388016,35.040836],[-85.39269,35.039135],[-85.39767,35.041813],[-85.40525,35.042004],[-85.407425,35.04112],[-85.40867,35.04115],[-85.40945,35.040215],[-85.41125,35.03557],[-85.40953,35.03456],[-85.40811,35.03336],[-85.40726,35.032043],[-85.40568,35.02863],[-85.405045,35.02748],[-85.404106,35.026394],[-85.40259,35.0256],[-85.40094,35.025013],[-85.39011,35.023743],[-85.38889,35.02333],[-85.38838,35.022892],[-85.388084,35.02251],[-85.387566,35.021023],[-85.38729,35.02048],[-85.38678,35.01991],[-85.38605,35.01946],[-85.383194,35.018715],[-85.38102,35.021095],[-85.37967,35.022808],[-85.37726,35.02452],[-85.3751,35.025093],[-85.37389,35.02423],[-85.37082,35.02273],[-85.372986,35.01925],[-85.36103,35.021023],[-85.35728,35.021267],[-85.35689,35.02279],[-85.35604,35.023487],[-85.35504,35.024017],[-85.35393,35.02538],[-85.353676,35.02607],[-85.352905,35.026447],[-85.35045,35.023193],[-85.349724,35.023228],[-85.34902,35.024433],[-85.34783,35.025124],[-85.345665,35.02594],[-85.34464,35.026833],[-85.3478,35.028656],[-85.350136,35.030766],[-85.35138,35.03268],[-85.35177,35.034615],[-85.348816,35.041393],[-85.34839,35.045425],[-85.347275,35.047398],[-85.346985,35.0489],[-85.34558,35.05218],[-85.34056,35.062527],[-85.340515,35.065163],[-85.34127,35.066944],[-85.34244,35.068207],[-85.344315,35.069324],[-85.34575,35.069912],[-85.34719,35.07102],[-85.35125,35.075096]]
result          krauEhd}gOqN`D{W`Cew@iAeUdAoItA_IzE}NhOsIvRkH`IkBrC}OfKkc@nn@oFbOuBrGoIhb@cSlw@uBhMdwA`Np}C_mBbeA~d@xy@oRrF{YxDhFdHbCtQfBlDEjLjE~LvJjPlCxGjLfMhOb@vErId\wOb^e@jn@nDrLEvFzDzC~[fJhEwInF{GfGiDhT{HdF_CxE{D|CoHtBiI|FubApAsFvAeBjA{@hHgBjBw@pBeBxAqCrC{P{MqLuImGuIaNqBoLjDqFjHeRvTpLaJwiAo@mVoHmAkCiDiBgEoG}EiCq@kAyChSkNGqCoFkCiCmFcDoLqDkEkJvReLrM}JvFcKlAki@mQeXuAiK_FkHy@oSwGu_Ak^oOGcJvC{FhF_FvJuB~G}E~GoXjX
coordsArray     [[-85.4113,35.03543],[-85.414375,35.031025],[-85.41537,35.028526],[-85.41725,35.028206],[-85.41973,35.027065],[-85.41891,35.02479],[-85.41956,35.01931],[-85.42326,35.01176],[-85.4304,35.005295],[-85.43577,35.002235],[-85.43822,35.002716],[-85.44264,35.0001],[-85.4433,34.997368],[-85.454506,34.99584],[-85.4602,34.991592],[-85.46549,34.989414],[-85.46826,34.986732],[-85.47506,34.986904],[-85.475525,34.985394],[-85.474075,34.983017],[-85.37965,34.983078],[-85.379875,34.98344],[-85.379875,34.983875],[-85.37984,34.984196],[-85.37968,34.984512],[-85.37941,34.98478],[-85.37858,34.984615],[-85.378235,34.98476],[-85.37804,34.984997],[-85.378174,34.985638],[-85.37956,34.98678],[-85.37956,34.987175],[-85.37946,34.98737],[-85.37893,34.987526],[-85.378044,34.98729],[-85.37742,34.98724],[-85.37687,34.987526],[-85.37626,34.988438],[-85.376076,34.988884],[-85.37541,34.989822],[-85.37556,34.990253],[-85.37784,34.99211],[-85.377846,34.992588],[-85.37765,34.993107],[-85.377266,34.9935],[-85.3768,34.99366],[-85.3764,34.993614],[-85.37533,34.993015],[-85.37538,34.992207],[-85.37504,34.991814],[-85.37447,34.992073],[-85.37366,34.99259],[-85.37378,34.99308],[-85.374016,34.99391],[-85.3746,34.9968],[-85.3744,34.997536],[-85.373146,34.999004],[-85.37252,34.999355],[-85.37189,34.99931],[-85.37169,34.999615],[-85.37207,35.000328],[-85.37193,35.000957],[-85.36986,35.00332],[-85.389244,35.011677],[-85.388435,35.012856],[-85.38774,35.0142],[-85.387,35.0152],[-85.38598,35.016212],[-85.383224,35.018703],[-85.38602,35.019424],[-85.386795,35.019905],[-85.387314,35.020477],[-85.38755,35.020973],[-85.38811,35.022533],[-85.38837,35.022823],[-85.38883,35.023266],[-85.390144,35.023766],[-85.40099,35.02505],[-85.404144,35.026512],[-85.40498,35.027393],[-85.40734,35.032146],[-85.40817,35.03341],[-85.40955,35.03463],[-85.4113,35.03543]]
result          mzytEr{hhOnZfRrNfE~@vJbFnNfMcDfa@`Cdn@bVjg@rk@bRp`@_BhNjOrZ`PbCpH`eApYpb@rL``@vOhPa@ni@lHzAzMaHKcmQgAj@_AG_A_@u@u@^eD[cAo@g@_CXcFtGg@S_@iBn@qDH{By@mBuDyByAc@{DeCuA\sJfMgBg@mAkA_@}AHoAvBuE`DHlAcAs@qBgBaDaBVeDn@aQrBsCg@eHyFeA}BF}B{@g@mCjA}B[wM}Kgs@bxBkFaDkGkCgEsCiEkEqNgPoCnP_BzCqBfBcBn@wHnBy@r@wAzAcBdG_GxbAcHtRoDfDu\vM{FdDsFrG_D|I
